test_loss: 0.05594276695659286,
MAE: 0.9355,
MAPE: 96.75434231758118,
R2: 0.7026123385276095,
